0.9860376697500189
0.06552291490879858
3.0
-1.4600767916328186
1.6512964962078955
3.0
-0.8962027888294339
-1.2796465561453543
3.0
0.0942181245507141
-5.933941004943869
2.0
2.86497436276114
-8.743052651346309
1.0
4.381356527150839
-2.8038702670043203
1.0
-2.7461397678121644
-11.572160427632317
0.0
1.2444686926375543
-3.9049966282594037
2.0
6.3032558364200515
-3.0363829436631655
1.0
6.620398205450143
-2.5610024613766047
1.0
0.5075058897495476
4.4427365681443565
3.0
0.9092145631218942
-3.5852952754421574
2.0
-3.87301890718923
-15.027236206058575
0.0
2.2649580320229674
-4.282855936165493
2.0
4.5824426864845655
-4.047877455488573
1.0
-4.830488622925554
-7.669348124571833
0.0
-1.071824545464049
-10.645428693110382
0.0
6.943368138151174
-4.828063570661872
1.0
-2.2442776780909037
-11.442646412407093
0.0
4.121224906674544
-4.368780953911528
1.0
-1.8603433637465492
-1.9581254863995388
2.0
-0.9263714430069725
3.8797265994559407
3.0
0.7813428759749602
2.559486109085277
3.0
2.024050624624602
-5.212099332676896
2.0
4.916388048350253
-6.214438726121914
1.0
-1.843299691423875
-13.249404860294355
0.0
2.836370546175924
-0.13076477275484422
2.0
7.338424532735786
-4.404390198618141
1.0
-2.6328806484769487
-8.797352273646894
0.0
-0.6183314277212857
-7.06116477332383
0.0
-0.8839731135591266
-6.305037063894436
0.0
-1.975620650417432
-3.761915285018741
2.0
0.027122755623255723
-0.14903854854171517
3.0
-3.0731492373585034
-9.419047917081787
0.0
-0.9340115258461854
2.563652578844604
3.0
0.0669937920123353
4.690070568602165
3.0
-3.43896257222598
-1.397108541586637
2.0
-1.8486452987584898
-2.799537491811668
2.0
0.4301379172183797
-7.95212851630656
0.0
12.38174492256488
-6.988303966654517
1.0
-3.5757808495625856
-8.582575275874259
0.0
-5.7463973894989815
-10.172370115857218
0.0
-1.9962503402829568
-4.368464422155463
2.0
8.383344340305417
-3.7680737947723033
1.0
-3.1192190803543838
-7.422120149437472
2.0
8.132244240320706
-6.251481902812336
1.0
-0.5717903891879239
2.0848083026734963
3.0
-1.794879129900096
3.623588314181718
3.0
5.379030270027317
-5.449168728378096
1.0
1.9454571307671453
-9.699018447011948
0.0
1.2796216607882567
2.371084758477251
3.0
-1.5030299547714556
-2.527693684037618
2.0
1.5532978748239699
3.998055079171121
3.0
1.6571441555870496
-4.872914902978524
0.0
-1.7908361338333183
-9.533478351249995
0.0
7.74606622925575
-8.342568504814551
1.0
0.8301912541710887
-10.469188835759768
0.0
-3.4777343124469606
-11.661619984670448
0.0
5.970120155436306
-5.864176024501549
1.0
-4.223709631518611
-9.556072908508334
0.0
4.930011600005875
-5.44150473132359
1.0
8.049348101845322
-6.357713326026731
1.0
0.26147104418523504
-4.609426449641686
2.0
-1.2321575151128208
-5.016161048584949
2.0
-0.5211871767708804
3.086363678685674
3.0
0.08857717840370882
-7.168068721455789
0.0
0.6343560613461268
0.7456630897820575
3.0
6.836212643922517
-4.930411659999662
1.0
6.55542776100469
-0.4587214393314367
1.0
-2.1371488555898877
-3.8217459870982493
2.0
-5.114245535229398
-13.760536821106424
0.0
7.4676294227523865
-3.232902736187675
1.0
-3.6985936453316826
-1.5464942626430154
2.0
1.1196107630049115
-3.4736891462255484
2.0
-1.7075996065395467
-9.62492687008087
0.0
8.845472869126233
0.4370546104837496
1.0
0.21299957176283857
1.7495645908349862
3.0
-1.3872611310917315
-1.3629657178936379
2.0
1.762806995284617
6.217637061821405
3.0
-4.162977249146705
-8.476682893299449
0.0
1.735867377008434
-2.0102625278013178
2.0
-1.1008905651905239
-4.254874922016886
2.0
-0.573233847457848
-3.679568034798755
2.0
0.12385643281938824
4.5613986551618595
3.0
2.728874619370725
-2.10265114315071
2.0
4.188763763821728
1.669343483571064
3.0
9.061734306741425
-1.0765529658971316
1.0
-2.1317921366038353
-4.3983782420586826
2.0
-0.13051899428037705
-7.3558617323970505
0.0
0.5055135974595415
-1.3099394736754557
2.0
1.646278053750317
6.659039463925282
3.0
6.324508541340082
-0.9718845966891765
1.0
-1.300589122310082
4.6493638964907875
3.0
-2.0711096167487972
-6.790407978815173
2.0
7.281091717465971
-2.69505299310518
1.0
-0.5428144683141656
-6.219163282157146
2.0
-2.94127266423252
-4.830233152966867
2.0
5.627412336595523
-2.8180404897457807
1.0
0.59826896900772
0.7453839418439439
3.0
-2.0683416210075203
-3.4490489216194193
2.0
5.722191898086833
-1.9527163202740163
1.0
1.4356530238565046
-4.667156129158894
1.0
-2.5584382769342806
-3.534744259764941
2.0
1.402092786673001
-9.387871185803768
0.0
-1.9166272292194535
-12.35351327230938
0.0
4.939669651963606
-1.1378152470435139
1.0
-0.9736606493676889
-10.698478069287548
0.0
-1.4505507386894498
-3.0858953514690435
2.0
-2.1961465994314042
-4.03885431053183
2.0
2.224581374532431
-3.3957265902003915
1.0
-1.3766360243853255
-8.95058657156927
0.0
8.48872015134918
-2.3996012058480787
1.0
-1.952579302802167
4.601909820324149
3.0
0.6190746367887752
-1.7339653968841557
2.0
1.456790111279449
-8.79931821432119
0.0
-1.254629730795453
-8.890508474995169
2.0
6.295655361852922
-5.735821940595038
1.0
8.859517445654399
-4.544911751731579
1.0
0.11016550759363253
-8.051201508292433
0.0
0.7876404549674314
1.4583433653624864
3.0
-2.107183550945307
-8.505101593877143
0.0
-1.339311424029931
-4.888262017599392
2.0
-3.405050151748785
-4.276292624544833
2.0
-1.745784841454541
-10.279830591398301
0.0
-1.1994045913536937
-5.014768582360107
2.0
4.094090890023385
4.963961607819694
3.0
-1.7828301750088498
3.5163729500992
3.0
5.89647305941736
-3.7415941712618794
1.0
1.9838872037454514
-5.836930123991085
1.0
1.3376526592031475
-4.352241099873825
0.0
1.9186422843425202
3.1985807994323925
3.0
-2.3262712284009783
-9.938123803189512
0.0
0.8847462711223144
-4.229272305091438
2.0
-1.5927130471493705
-8.63784614976531
0.0
-2.6760836138908957
-5.109513084580573
2.0
0.2789544425796662
-4.714114077098892
2.0
1.5933334386690627
2.0017995127041184
3.0
1.085025541527446
1.885650874741326
3.0
3.8268849010545063
-0.45301164627364976
1.0
-2.045911066947806
-6.357479607595961
2.0
0.3201600934841149
-1.798774963092125
2.0
2.2610947758224684
0.455586673700513
3.0
1.239699915503754
-0.8776550692286662
2.0
-1.8301826837972475
-10.901172772110503
0.0
6.7983181384407425
-1.776057291078461
1.0
5.350978309430769
-7.938236479976793
1.0
3.7826737606811305
-3.4569868099233187
1.0
-2.8197553389940007
-5.661302711894199
2.0
-3.229119579616608
-5.198538100698738
2.0
-2.9486352353659138
-6.0034595254280765
2.0
2.174148807459546
3.5215731257927034
3.0
-1.69743444663791
-8.379514193182452
0.0
-0.8685326567575613
-4.154426439643932
2.0
3.347532533095464
-1.7428928152556749
3.0
6.138281474360133
-6.244096199434898
1.0
-1.7861071621456068
-11.108509541981485
0.0
-1.4275005700170207
6.2785096799069535
3.0
-1.5033455532615023
-5.176774398310222
2.0
-0.7825113523450857
-10.926726124181265
0.0
-2.49190078787987
-8.276605908404397
0.0
0.11511899222523558
-2.7203731850310104
2.0
-1.447808067928864
-3.559759738940328
2.0
-2.1004132168026803
-3.336380156014313
2.0
4.393338215472687
-3.6606161626824467
1.0
-6.354119372996672
-10.148648331739293
0.0
-1.6172796528110707
-8.716552484705133
0.0
7.648979978304621
-1.3038779534317695
1.0
1.3160470271853093
-12.207618560303434
0.0
0.6103372872489894
-4.233173242149456
2.0
7.503440830423649
-2.9321947464016507
1.0
-1.1463793152306472
-9.149771905251237
0.0
3.265866290393361
-3.2876134366602408
1.0
-1.173301558191862
-5.543060890531805
0.0
-2.1032053424096753
-10.169575873514223
0.0
0.4626690633883199
-3.2069329495263776
2.0
-2.681105065828463
-7.336950139991354
0.0
3.165652546513672
1.6226966063697734
3.0
-1.116267642398183
-2.458418016341572
2.0
4.804136970865949
-1.7897075292383366
1.0
2.603036936252555
-6.646999718822381
2.0
-0.16078058087641733
-9.880721990566219
0.0
-1.0599647805606982
-5.187631896073468
2.0
0.9462262876756635
6.143536229470893
3.0
-2.0054826374750094
-6.484269679524765
0.0
-1.510508175324499
2.9978304361178965
3.0
5.992139008950623
-6.07877235504751
1.0
-1.1494713163504404
5.808806353343645
3.0
1.7019665754865814
3.363053525998832
3.0
0.3729739448644429
-1.4710917113601614
2.0
-1.3342673902400528
-2.8082373970590075
2.0
-2.4310426849478626
-1.421426845725012
2.0
5.664844309437743
-4.747336481159135
1.0
0.34646667050387236
-9.355933998535967
0.0
0.7192205817583162
5.569841046341023
3.0
1.215140495673387
2.155039816368315
3.0
8.189570778896053
-4.434336630404726
1.0
2.563587484526091
2.367181274297198
3.0
4.370268064858056
3.961576551982983
3.0
-2.5673673439757576
4.674732920020225
3.0
0.6755888357803345
1.4689268009538694
3.0
3.1613515370022607
-0.9195969568790918
1.0
1.430172444667001
1.5239805113885654
3.0
2.315720642283904
-4.934846220325177
2.0
3.687086030541104
-1.9345646621034756
1.0
4.435952920962115
-5.041800959740863
1.0
-0.6186534426907606
-5.49806709135684
2.0
2.405779065699523
2.009455365578003
3.0
-1.6448612647545797
-7.418921128628738
0.0
-0.11399832512159414
3.7391719263457395
3.0
8.104136203089197
-6.013394978280653
1.0
0.7694261476154899
1.8891942299210087
3.0
-4.332099659840704
-10.719296041059161
0.0
6.82510529919328
-6.017207138067654
1.0
-1.3504133659629172
-7.065350753001871
0.0
0.7749699008334163
-3.379698554651787
2.0
0.02225742689094712
3.860444217922625
3.0
1.5723337583137464
-1.5139991323382294
1.0
2.0986595840070645
3.748282012868376
3.0
6.548402220468693
-7.1324691319806695
1.0
-2.0308045669794907
-7.151227440437747
0.0
1.9877422445683113
-6.75122019623705
1.0
0.5723465935564511
-7.561887432203889
0.0
0.44286740093081844
-3.088172218780604
2.0
-2.2660679694334824
-6.559055579674295
2.0
8.034549531492782
-4.243554609630843
1.0
2.2412901000115317
-4.6257051759862104
2.0
7.6916462650670265
-1.150576598140293
1.0
1.1766079020684646
4.358560681253275
3.0
-2.5296547446958733
-12.792064392626111
0.0
4.999077506297121
-6.853840963559687
1.0
-4.282912342351106
-3.832161337266438
2.0
4.267659173190229
-5.819348446715791
1.0
4.589332780011285
-0.1075418358091298
1.0
1.2210860073429473
0.7966806738020826
3.0
5.02863845329018
-8.177278118748642
0.0
1.6582017519511916
-4.88894552271616
2.0
-1.5946644089514965
4.475779255320871
3.0
0.4783769200497181
2.5997630010484474
3.0
1.5934726940714214
-6.829613331106012
0.0
-1.8299063047519555
-1.9479428488537696
2.0
2.3408314490673257
-1.0706529330145766
2.0
-0.22640215779398098
-2.78559861811162
2.0
0.5823791457271191
6.156394713202724
3.0
5.95384465830144
-2.654770890091251
1.0
-3.3582958410760946
-6.876081274883694
2.0
-2.015449679229218
0.20177078585395014
3.0
0.1373838089949051
-7.048318855802683
2.0
-0.3683421636141019
-2.4829824197205363
3.0
-2.3882320457324
-9.454174103812267
0.0
2.519743987078411
3.959886438956758
3.0
-1.430871368941034
-6.346844529119341
2.0
-1.3687703207669153
-5.0284725637915795
2.0
2.6792956339636493
3.1622823469301036
3.0
-0.7388166972413378
-0.5994369509850777
2.0
-1.029788412444076
-1.406224422340804
3.0
1.670018854077378
0.5192624111763453
3.0
-0.7980113078871476
3.386152135678053
3.0
1.8051696627119014
2.1410654430196785
3.0
-0.17296095541932988
-10.41487171557464
0.0
2.808654721863163
-0.1513367708536908
3.0
2.5750608394344305
2.1001497357518417
3.0
6.690205642397161
-4.290658423125991
1.0
-0.5208383895504662
-8.382026344230246
0.0
-0.6346004404250052
-5.481780888380028
2.0
-0.49642928903297473
-5.331622966761702
2.0
-2.186558376311252
-6.4835873160737725
0.0
4.031310325192548
2.784066746001082
3.0
-1.1088751522649518
-5.087808339500101
2.0
5.903074632876414
-5.299988852992628
1.0
5.6105580716931005
-7.225195235456227
1.0
0.3006240151547667
1.1394129809112448
3.0
4.673546345305029
-2.652672501578638
1.0
6.917997706635679
-3.7800257016919523
1.0
-0.2742550536464545
-5.233720047363603
0.0
1.2461342383646588
2.259014000397137
3.0
-1.6576274275276095
6.914308259191351
3.0
-1.0109311513160677
-2.630267309463879
2.0
5.616666149769751
-3.1132530593341805
1.0
-0.06479322916667063
-9.32082551373874
0.0
0.05590642161983972
-6.509828963549171
2.0
-0.7177058043028541
-0.8298122695178711
3.0
-3.424988494708162
-6.5904157160017185
2.0
-3.014886497583962
3.0041162674222885
3.0
-3.385041057812371
-8.009668796161701
0.0
3.0051727130222887
1.8294069625770495
3.0
0.05590994510262992
-11.582760652333844
0.0
7.310230759611535
-2.9318212907865626
1.0
-5.564812903878062
-4.109869413390869
2.0
-4.13799336896156
-6.563728711189034
2.0
2.3975454143609802
4.357578992484477
3.0
4.142223575940365
5.110823395745605
3.0
-2.7965077083815686
-8.692620153178488
0.0
6.1578341281060265
-2.7849245483984806
1.0
-1.6915661715276853
-12.666591242369773
0.0
2.016394506263536
-6.1956745566603315
2.0
0.7995802675825723
-8.337265035776136
0.0
-1.28265791944695
-9.549138274303653
0.0
6.947396495805645
-3.9063232162045196
1.0
4.0969143770226095
-3.767218009449277
1.0
-0.005741297181306448
-5.948822515425352
0.0
-6.19243181777567
-4.083876170952507
2.0
-4.094615332505448
-7.841684302614471
0.0
-2.479575046087735
-11.677982066250594
0.0
-0.9098192241106464
2.3460951850647738
3.0
0.8289280774929808
-9.478891125888774
0.0
7.682245875706397
-4.416307346831006
1.0
-1.001263322667955
2.017178027045643
3.0
0.7160626088149209
-3.271846153089459
2.0
9.020148750010408
-2.589409080720799
1.0
-2.4362433658711726
2.67246546526096
3.0
-3.4223317059340506
-3.6063579174201705
2.0
-2.6380352681367727
-1.8858223118025421
2.0
-4.746613924401665
-8.94064489815109
0.0
-2.276822061672714
4.5657252648721425
3.0
-2.263934740642894
-0.22383312467505556
2.0
-5.231628735560087
-10.131948504743727
0.0
1.2188958146101005
-2.7115633649011555
2.0
-1.0234142187234139
-10.536358793613015
0.0
-0.6597092861983698
3.1361440941103407
3.0
2.852162857460403
-3.7471610573166405
1.0
2.604200537730087
5.348633755941188
3.0
5.784588250947174
-1.3167037607225538
1.0
2.8564068880488875
-6.236175608446599
0.0
7.56286566115846
-6.4259675194726915
1.0
5.372573264554101
7.84490376497453
3.0
-1.266825901717931
-2.785875848559016
2.0
-0.13686093339762873
-3.7492750387500187
2.0
3.4664506335792464
3.066483626376593
3.0
-3.574244366391524
-1.7138722632269299
2.0
-2.1134232352614055
5.266457000592852
3.0
-2.577320453625013
7.018374475847755
3.0
3.2498260256943
0.4186925408087774
3.0
-2.8652375244554866
-7.81828899606151
2.0
0.25884507850544386
1.6296139349788143
3.0
5.787011215627468
-3.748907191412278
1.0
0.6189134209528762
4.08970907833456
3.0
-2.832418777942189
-1.7730643607909329
2.0
-3.899648538642803
-1.6173635673203064
2.0
0.9962645454002044
-2.484094247240594
2.0
7.884565282044674
-4.694338560991265
1.0
3.151793693826895
2.3053662173934346
3.0
-0.7534054558073189
-7.287742776383526
0.0
-0.43965849499663323
-5.119394867514428
2.0
-3.398852088665443
-2.275456128607427
2.0
1.8334049369828884
-1.4658194192496903
1.0
-0.682288594543556
1.7312321277175728
3.0
0.9852679358403034
-2.6174434643618736
1.0
-0.566806637499049
-11.387699385849167
0.0
8.440171525503407
-1.968914013038873
1.0
-4.871640795093509
-5.2405710887128345
2.0
4.899411475730481
-4.031968166287731
1.0
1.543208107580394
5.666429150480983
3.0
-2.8347258060542497
-8.227706234223316
0.0
-2.470146439284851
-10.757539767521425
0.0
-3.4078250451836545
0.2068251041184812
2.0
3.131589396437128
-6.4363076528717365
1.0
-5.542360523055248
-8.547581050747382
0.0
1.7433742598543935
2.9229060248119683
3.0
1.653300399754466
4.614622432778124
3.0
6.805339425455198
-3.621438951904345
1.0
-0.027389021815840797
-2.9840384916334117
2.0
1.3752886343457225
-5.039105776998102
0.0
-2.7995273371509004
-7.756351230526616
0.0
-2.1751305743755784
-2.184240123697518
2.0
6.113216074299655
-4.356915773759095
1.0
0.10604128846863214
7.0156150429327635
3.0
-2.139936518168301
-7.362368327674913
0.0
-0.782477820932435
-8.133989677820432
0.0
-2.7582714627189597
-1.7397848417778783
2.0
-0.3071404667674851
-8.397363996646162
0.0
2.38454933494638
2.575428399507884
3.0
-4.851056567988703
-12.238561825377564
0.0
5.796953265826861
-1.703156650324054
1.0
2.5400647373913983
0.7824570719720858
3.0
-1.2002930163658505
4.274746829770776
3.0
4.805988602963189
-1.3900499927801917
1.0
-0.4703508964023462
-8.543077975706527
0.0
-0.881091646475022
0.9859397665084928
3.0
4.144091895042803
-3.379801165351434
1.0
-2.80904129915225
-9.28378771760306
0.0
-2.6901075428560133
-2.389102196444947
2.0
-0.5437375498086934
-1.4388966823051255
2.0
-6.085057475828993
-10.77674489127668
0.0
0.7352701287820573
-0.0490698958796405
3.0
3.9744759305518973
2.2364295431682977
3.0
-0.1315523723592824
-7.761983861986698
0.0
8.041514282981446
-3.7687931017672462
1.0
1.7149542533129467
1.5479470237460258
3.0
1.2801547689306019
-2.1747602401841117
2.0
5.247789997401315
-4.55354431112444
1.0
2.056294520561966
-10.794989746940363
0.0
-4.37390750443682
-4.7679008216342025
2.0
5.8428870353967985
-3.3151874784181845
1.0
0.003185363476517322
1.0855443368762316
3.0
0.20436858846700567
-1.3154576812339926
2.0
-0.27094734624165107
3.4409639254452973
3.0
5.3671233293087095
2.2605042110219142
3.0
-0.10702300535426668
-2.872775259944441
0.0
-2.1285965694040234
-5.4409913161068655
2.0
-0.0007005707522890203
-1.283883785755529
3.0
7.867170509268204
-5.980388477810365
1.0
-0.4189046539447405
-8.186788142524884
0.0
-2.356031101109368
0.20829705121665176
3.0
7.96335783471887
-3.059372951388763
1.0
-1.0867409894179332
-6.069470879997051
2.0
-0.25527595374081913
-9.388241762577207
0.0
-0.33609883736881696
4.498937374686526
3.0
0.8224595178253045
0.5857598709251195
3.0
-2.1863617801021107
-9.5033646375133
0.0
-0.9666211822048988
-8.681092010498439
0.0
5.6727845464630615
-2.9626549739227412
1.0
5.798476478908474
-6.827274448876612
1.0
-1.2973402490434132
-4.946892692786995
2.0
0.9466970325511688
-9.544155271501833
0.0
-5.282091184231692
-2.7948071686069635
0.0
-0.08151622919003465
-9.819073243805457
0.0
-0.22652380899061575
6.020296882618059
3.0
-1.2793248404393538
1.765014736023073
3.0
9.679827413929164
-5.865256842438488
1.0
3.813324245052305
4.112525115188975
3.0
-2.7226304410589584
-7.9057922089064565
0.0
-1.3290372082731323
3.3291443162815204
3.0
1.1170402234973476
-7.797131412774383
0.0
-0.9899357700135993
2.2375172806882566
3.0
0.21554575393865072
-8.284692525278585
0.0
7.197522151247901
-2.4594722677985024
1.0
-4.335941681671748
-1.9958683175521614
2.0
-0.3592682825926048
-8.708005445234388
0.0
1.5225038899165808
2.587352500937345
3.0
-1.2662625249341621
-2.8653225012311854
2.0
2.3537451467230914
-2.694738766479042
1.0
4.158605068605848
-3.457135994767829
1.0
1.4551621793472855
-4.757255148215453
2.0
7.81983410039542
-6.857616664339927
1.0
5.639490187021589
-5.494462822526326
1.0
7.541462018302864
-2.8848966318096925
1.0
1.0837712398453312
1.134615454403282
3.0
-1.6925963623964562
-9.762680747973867
0.0
4.919362000715448
-1.1902691108440662
1.0
-3.2263579823841795
-2.3370543447706105
2.0
5.010352103924176
0.08676611575026794
1.0
-1.0183770841435908
-11.183204118683093
0.0
-0.8527397188157124
-3.796771480039542
2.0
-0.26541932751137365
-1.7660091718181286
2.0
0.34333592275213765
2.4420636282388113
3.0
0.3086329518618385
-4.094796880340618
2.0
2.983045745755126
-1.736797352914031
1.0
0.04421567080272615
-9.737242897686693
0.0
-0.05979116824081643
-5.069612159399703
2.0
6.620108233053406
-3.8942630618658916
1.0
0.22610776608103705
-1.4916708772765856
3.0
-0.7499413679678457
-7.775783614332269
0.0
0.02679764824964448
1.1613669371331934
3.0
-1.3034431321618953
-3.154848860568957
2.0
0.4328630097572691
0.2307407894457203
3.0
7.748051460008565
-8.133219123960549
1.0
7.011185697024013
-5.095869531106615
1.0
-1.1906900355093903
-7.575282099114075
0.0
7.805795539609413
-4.671973364646797
1.0
-1.4866264367979598
2.8868413428087054
3.0
-1.5451570075116141
-9.957289530647667
2.0
6.010114546342261
-6.227827514683008
1.0
0.4405760951262946
0.40329276086317956
3.0
6.370835269796797
-0.8919851335072373
1.0
1.5753463692080505
2.0382437508644657
3.0
-0.02071372729973775
2.6028754179123044
3.0
3.1124076579214437
-6.100414169854826
2.0
-2.7909731346306135
-4.419773551918934
2.0
0.7315565943976328
4.361765270318315
3.0
-0.3979059325375023
-11.501042884225813
0.0
-1.4453342766071784
-9.4751388481023
0.0
-1.170991450161147
-1.9181385962293822
3.0
-2.2617664747186206
-9.749548178358538
0.0
0.7728645564966907
5.413352201000096
3.0
-2.0110433529018703
-6.376491246493275
0.0
0.0877776317638343
2.977143059775552
3.0
-0.8556826004945776
-4.042075539215239
2.0
3.9095735245721626
-4.619620957589953
1.0
-2.8714752250750557
-7.072084239063637
2.0
-0.9811917182371093
-0.07769441419420975
3.0
-1.8190665199010059
-11.769440071544363
0.0
0.49714050370625085
-8.167030811576804
0.0
-0.9228400570856927
-0.9498933934007519
2.0
-0.22516721937311746
-4.893809781012251
2.0
1.3953243247795761
-8.311697868412237
0.0
2.879235879649215
-1.7311865538908782
1.0
-0.33476601164094466
-2.1851000453836695
2.0
-4.14341211344817
-3.990722665001853
2.0
0.6164214412538367
-3.242121017504426
2.0
1.5531661683054665
-6.4584011353666035
1.0
-0.0976091016705447
-5.453641178811706
0.0
7.120163597803045
-6.476274788596156
1.0
9.604005633521082
-3.814289624101391
1.0
3.5746436158985095
-3.8218855381884556
1.0
0.4108421930650423
-2.536006302618558
2.0
-1.437435841088055
2.558935146412209
3.0
6.211831992289917
-3.523419301281992
1.0
-1.3345661909026159
3.021757939049146
3.0
-1.3714036940339502
-9.676306327892634
0.0
-3.098153465135331
-9.165876754221618
0.0
0.7072028203217918
5.557080557655831
3.0
-1.5695984526656566
-9.012112407447102
0.0
7.023117803033876
-1.9828428176110542
1.0
1.3155650178099392
-1.348180576058375
3.0
1.6789489230850239
-0.13503372502127853
3.0
0.5906459472411402
3.354811039696615
3.0
3.481144479012853
-6.155675505513043
1.0
-4.520247504160775
-4.4512063729105
2.0
0.0014671217185684426
-10.406670658122334
0.0
-0.6869749266037128
-11.083710461816537
0.0
1.002206681146806
3.899099744937856
3.0
-0.4616834554734697
-8.385274167771803
0.0
0.4732600977978758
-9.5406990480683
0.0
0.923229423147147
-3.140099399368931
2.0
5.460474935445994
-6.538893808012517
1.0
5.226127617228986
-5.090571739263198
1.0
-0.6889785105637558
2.51298688100408
3.0
-1.9404969551233524
-4.756071736852613
2.0
4.683307829985939
-4.226770276679799
1.0
1.1879248039291426
-4.7295693935463685
1.0
5.380387435552198
-5.42844795803525
1.0
-0.24754956546181117
-8.132361007504333
0.0
-3.8435170087936688
-7.332537086816744
2.0
-2.864787620272939
-9.175097505461757
0.0
-3.441505038458381
-9.918368905216028
0.0
2.8153439908037674
1.8735151658901452
3.0
-0.405390056956327
-8.234167570044736
2.0
-2.884892452331348
-9.970829432584413
0.0
3.0699585198321904
-3.0818701060920817
1.0
6.232327183384997
-1.438470938723046
1.0
-2.263227941822937
-7.33881701870069
2.0
-0.9793609833434385
-9.751975747380676
0.0
-0.5620190212855674
-9.238602672076134
0.0
6.612151098373971
-3.8361439184614823
1.0
2.2264359438310466
-7.505972007132891
2.0
1.5300573799151689
-3.3433097685426083
2.0
4.797717176936152
-3.659121030108055
1.0
-0.7122300487094546
-1.4963651421050068
3.0
1.3785259700645995
1.5504196930959937
3.0
-0.42472723822585
1.926996586982113
3.0
1.1941765751965652
0.2524272064425195
3.0
1.8960023279215505
-2.7665985554502184
2.0
-1.3856059583252758
4.3749037458754545
3.0
-5.092392887893796
-8.131763698676366
0.0
-2.736156082654696
-1.4008895210540966
2.0
-0.9335509244532907
-1.3473595915386687
3.0
-2.7978956649853943
-4.219194004137543
2.0
-0.01532109875507992
-3.994358690313788
2.0
5.132448793912914
-5.143573273233813
1.0
-3.700183488030798
-0.5477516872498178
3.0
-0.323857756149873
-8.490381750969327
0.0
-2.4291369993900114
-7.019625336211432
0.0
7.659236112293554
-3.596527331339624
1.0
1.684684537146929
-3.529204259003206
2.0
6.926515917466455
-5.02010385135672
1.0
-4.983384261283446
-10.049957417511463
0.0
6.582804298072919
-3.462922095767619
1.0
1.5094362925153488
3.0100010210881547
3.0
3.06096635006893
0.43497292156703704
3.0
-0.8698015206426501
-8.836000181468735
0.0
6.042239045629812
-4.237600094362936
1.0
-0.4470904786325789
-4.998145516838549
2.0
0.4319090169574349
-4.803406480944031
2.0
1.6196498478612638
-4.380833304935634
2.0
-2.0603027195197434
-8.867342029123451
0.0
-0.8931056427548199
-4.75482359018082
2.0
0.9108566132725311
3.6257997857447575
3.0
-2.100239705929927
-4.285961237409353
2.0
-2.30931482914651
-3.989067254973069
2.0
-3.3062554537694444
-5.656750902934169
0.0
1.8121729063749816
-9.013100356735087
0.0
4.779732920276748
-3.791128259549018
1.0
0.6906584943692018
-6.127240935131312
2.0
-1.3085967115770365
-12.375433601267074
0.0
1.47827936361319
2.2993747050682423
3.0
4.356847911776043
-2.793235072384665
1.0
2.527102804448372
1.922517596259959
3.0
-1.4216827986666756
-6.694398487661783
0.0
-3.251493520401407
-8.346975429067014
0.0
-3.7988579874193062
-8.184062134195536
0.0
-2.868669700099376
-9.552974980832134
0.0
4.513104145567354
-4.8157924634297355
1.0
2.8280333779115545
-7.9769076743304455
1.0
0.7421997164969353
1.8466099688668287
3.0
8.093986970046888
-2.241831860015941
1.0
0.9988100746560287
-5.9314889915150815
1.0
2.782327773343694
2.6656065018395103
3.0
5.395873396099185
-3.2259523193089947
1.0
4.718753868184805
-1.9357910271518444
1.0
-1.7094554992760778
-9.055433265197133
0.0
-1.4550322154926116
-6.678257023746774
0.0
3.9390982490297515
-1.831879528908733
1.0
3.832318467752254
5.370655385230041
3.0
-0.7560689996258403
-9.144765131575156
0.0
-0.6947200455363278
-8.71049470817454
0.0
1.4534073271941348
-4.580114742517135
2.0
-0.281070881037901
-11.29862418706574
0.0
5.626203059966708
-4.982952889325837
1.0
-2.310992071695708
2.2114097446292793
3.0
-3.096903904597042
-6.4553140479685736
0.0
-5.5050085770151655
-4.592842736664986
2.0
-0.5278688855575144
-5.855557927230208
2.0
-4.600796877227701
3.9078593645404998
3.0
-3.389201229132799
-9.597697599560794
0.0
7.971751777738595
-8.1851665294156
1.0
2.960154428186233
-2.541600251955544
1.0
-4.392280823860716
-9.462105758375342
0.0
-0.5650140970563376
-1.9282889142019721
2.0
-0.5763248643074039
0.8085328202768793
3.0
7.724354733518423
-6.457016468669022
1.0
-4.429674365213141
0.9393575962591716
3.0
-2.1519209791998537
-7.977257556908503
0.0
2.418424966818219
3.7403396135173814
3.0
-0.5577395053137209
-9.48124186991252
0.0
1.8516848777688466
1.395839892890347
3.0
6.9563304504259085
-5.332583850769101
1.0
-2.146829694270995
-4.981571305299298
0.0
-2.713485238640108
-6.082970551968385
2.0
1.9491465261988152
1.912836576574409
3.0
-0.5656172030661974
-6.1567630941945115
2.0
-3.0084546784322046
-8.009361557774321
0.0
6.591847046991608
-3.2261155970408284
1.0
-3.324708680668061
-4.296433600783526
2.0
-0.8841587901823209
-2.9234312734218
2.0
3.1537156181963697
3.2578602457605896
3.0
0.04011480202099271
-8.502404427167377
0.0
8.337166398506355
-3.9214202528984967
1.0
-0.3494139649011636
-10.352641154904093
0.0
2.8539917814394347
-4.361401095139094
2.0
-3.8802734868080626
-9.160065260329453
0.0
-1.0246445551000605
-4.067353796183198
2.0
-4.640354192317977
-11.173198907661707
0.0
-1.7378459640892534
-6.706565051122396
2.0
-1.8394798258223481
-5.284945907702768
2.0
-2.0146600082659516
-9.7786695833673
0.0
0.8362155546734433
-10.317211276496925
0.0
-0.36783306227737755
-1.9854558269581983
2.0
1.6009153718978333
2.898529740315028
3.0
-0.10220352613822525
-9.547723719386866
0.0
0.3670149298525981
3.0202986255940867
3.0
2.5706188845044164
2.2770772719796457
3.0
-2.085379732347506
-5.729699802588205
2.0
1.2927744338759473
-7.022803831902228
2.0
-3.6932988231828157
-8.265083758418992
0.0
2.5257461321398944
-1.0692206267542517
3.0
5.237827944766757
-3.061016615082674
1.0
1.5969309032360788
-7.6293897809511
2.0
-5.172206242327467
-7.747272794408773
2.0
0.6604572107206457
-3.1039511806669866
2.0
-3.627008641763606
-7.11564060813457
0.0
5.820586812870478
-3.3918257583109943
1.0
-0.5411921746354591
1.143924679860782
3.0
5.004019391973081
-4.887719468717547
1.0
2.994148641670719
-2.2001781567711185
1.0
-4.335268165783443
0.6302818835619493
3.0
-2.2030730335760254
2.1710341492977374
3.0
-0.4044612309394914
-2.5180835753762043
2.0
1.9334459925980991
-4.287518145798586
2.0
-0.04093268850311693
-4.447851584449701
2.0
-0.38970320043939766
-7.1668131026127
0.0
1.6757755314438505
-6.891563383701151
0.0
-0.9407812294094188
-3.7029169622528024
2.0
-2.4195642511265847
-5.589124970289177
2.0
2.663192255581988
0.41130356013400604
3.0
-3.228908325300475
-6.371312736429772
0.0
-3.4156704889085785
-6.354400024664809
0.0
-0.9317405727393684
-7.247029476533184
0.0
6.769580038806129
-4.010802465904294
1.0
-1.4625959429498803
0.47773472094865177
3.0
-4.060330538974201
-8.071773028623651
0.0
0.8658342639784795
-7.110203890443284
0.0
-0.27148689030598616
0.9684018971150539
3.0
-1.518623484204307
-8.671663730727982
0.0
3.326154784892682
1.1118216923895217
3.0
-0.8022460396212393
-5.069336467203374
2.0
0.7377705924679203
-9.24610033581693
0.0
1.8230184943880772
4.785062708840673
3.0
0.1292849801095345
0.756751447330104
3.0
-1.3081702041705146
-0.2405134320089264
2.0
3.902567991444755
-1.985098601741417
1.0
3.0229098433076347
3.895224580334786
3.0
0.20948123492812654
-9.3374155917224
0.0
0.9465840916163386
-10.638424589338053
0.0
-2.1241766618553193
-5.192971013342895
2.0
1.5293148655855204
-10.985906282535627
0.0
7.698278355139833
-3.3507541578042606
1.0
7.7103557488762835
-3.988568913524547
1.0
-2.4410093753184836
-6.966603969140008
2.0
0.23092464698734227
-8.710565437346132
0.0
3.0895389238608875
-6.428749145130314
1.0
-0.8444988790073091
-9.303389434651827
0.0
4.678013478975525
-3.263781902711094
1.0
0.5029513410037394
-7.028001856515402
2.0
6.833206784078179
-0.5086220761307305
1.0
5.525171004611308
-5.849492698757812
1.0
6.753586163111906
-4.591314925006935
1.0
2.0842041937995477
-3.6880098094977476
2.0
-1.656498803628335
1.19569900393552
3.0
1.0903460617369116
1.5547695052882125
3.0
0.5283713999792556
1.0174158873522858
3.0
0.6344662039625417
-11.459997089709638
0.0
0.969576168726054
-7.626462670961914
0.0
-0.8368529245811107
-4.139879127754728
2.0
-0.8648198601789754
0.32140786084280926
3.0
-1.7019693590244738
-1.6816504771768273
2.0
0.2585561293429084
-6.949878382383622
0.0
-3.808216407703923
-10.07806740003798
0.0
-0.08568203697364762
-0.8374924859963992
2.0
-0.6237391840090873
-1.7868028302756351
2.0
-1.1657832184198011
4.742062789049124
3.0
-0.6205266871657363
-4.479440836248257
2.0
-6.84060931080812
-6.918059601250759
0.0
-2.7146461984787122
-6.202931720149278
0.0
6.22278345606764
-4.622957103239302
1.0
1.040997860583527
-0.7256019686817137
2.0
6.396938537772466
-6.474303545735262
1.0
-2.5261409699337847
0.32076628733051704
3.0
-3.3622980598658776
-7.505656511733519
0.0
-5.131297472857502
-11.113702277429462
0.0
0.8495494056484394
-4.201215031223165
2.0
-0.722526737023478
-9.712307122155915
0.0
-1.0550414680265174
4.883918582159032
3.0
0.1802801155548046
-9.653928841507488
0.0
4.713167302020965
-2.8040379586079074
1.0
-0.317773359666625
-8.098876117777158
0.0
5.69506462946341
-6.107289748504942
1.0
-3.3679315816916358
1.6307322502881183
3.0
-0.0242407776487803
2.1286085440488263
3.0
-1.7957343621232609
-8.524636407508
0.0
0.5095926465040266
2.6390436971288866
3.0
0.08291798341295298
-10.210480226906569
0.0
-2.0095333666159605
4.841277478123857
3.0
2.426896903834403
1.7747282603991978
3.0
0.8396308784151931
-5.052249024743302
2.0
-1.4810400251296572
-6.003349701602592
0.0
-3.362995230899385
-10.282519941618657
0.0
1.8535713208098055
-3.3114290034835134
2.0
6.939126037536611
-5.325243634181684
1.0
-2.7687776939602315
-9.845158265983144
0.0
-1.2961866532439592
-2.665358431940147
2.0
2.7378849832429526
-4.002474303554555
1.0
-2.8431780983420785
-7.753713030631974
0.0
-0.6728994368473633
-5.665968569350176
2.0
-2.717155314643444
-3.885490836696461
2.0
-2.0444314914821735
-4.5905782678600735
2.0
-3.0411572004646557
-9.8117901128573
0.0
2.5094658087079122
4.299058293876785
3.0
1.4199577628950397
5.149348647856396
3.0
5.433256719239162
-0.6770880800513774
1.0
-0.022855561812215597
-6.623685857092067
2.0
-0.4164160275219322
-3.4921367047608993
2.0
2.572107021520375
5.112434217123695
3.0
-3.6944638594265893
-13.766785461546561
0.0
-1.490953581139206
-6.610393638312865
0.0
-0.425409269108479
-7.082452365452083
2.0
-6.806236529410174
-3.39244557945531
0.0
1.1422070225244099
-12.240988146961573
0.0
-1.7835055208011252
-7.781141208812525
0.0
-2.184133671142331
-9.88134080390446
0.0
-4.451494834055385
-9.226330547367038
0.0
5.530714505501284
-6.180976336165433
1.0
10.44103547400644
-4.9775823524034735
1.0
-2.148579619092383
-5.219543072022005
2.0
5.862314600604972
3.8638202043337673
3.0
-1.1475785306274573
2.855937005701168
3.0
8.583408583831929
-5.723191551257739
1.0
-1.8359624647236692
-12.549841078781204
0.0
-3.8357287180615223
-6.236891894416433
2.0
1.4390753106925325
-2.0495058453300192
2.0
-2.082864062500675
3.3806190896229684
3.0
-4.748466269842446
-7.640626824973613
0.0
-3.3145104156559793
-9.146018294928387
0.0
6.134252409557579
-6.23062184070758
1.0
2.4208043059185393
-10.344322135155675
2.0
3.583460453113293
-3.1739349473025373
1.0
-4.850395775149392
-9.77962517661612
0.0
0.6569742944680663
1.5223454798282703
3.0
-5.215456937313121
-7.625991738934606
0.0
1.691197433834822
1.3402928056027883
3.0
6.9243321202795505
-6.863229347633178
1.0
2.81120360353059
-5.730008395116266
1.0
0.5458199875285215
-11.733722080553061
0.0
5.285887327086607
-2.3207248932127005
1.0
-0.03373035901882615
-3.6062902881481014
2.0
6.492648517635619
-2.003537578148579
1.0
-0.3917675850916973
2.9612884489794844
3.0
-2.6238307382653954
-2.665910498100028
2.0
1.4481379218880654
-7.406598775822644
2.0
-4.880313415858206
-7.980673670550912
0.0
-0.9911696249967348
-4.687810272256637
2.0
-0.15486586124192236
-2.9163175074396084
2.0
5.014482625615463
-0.9797096164559158
2.0
5.589225529352437
-6.680956561006505
1.0
0.007944468671064908
-1.026549651605888
3.0
6.453019789178666
-3.53335752486879
1.0
-2.1053768414784533
-8.150207450659654
2.0
3.2931553403991902
-6.407944472421502
2.0
-1.9705696346505293
-1.1712915382252636
3.0
-0.8604099923789167
-6.607075876500575
0.0
9.829354999876966
-4.116872571410889
1.0
-2.212374424821982
-7.768679852188452
0.0
5.018572381160061
1.4553324507442538
3.0
-2.671318818754588
-3.5875827871097004
2.0
-2.541405044142113
0.5559948823322745
3.0
3.987338090202777
-4.65301041519515
1.0
-0.6765486500213873
-8.577392277076925
0.0
-0.8882252331094116
3.0582800670187513
3.0
1.328294890646141
-1.5100596049838835
3.0
7.942770296009868
-4.615201559174571
1.0
-4.908758635047467
-7.120346153152277
0.0
5.693444106513042
-0.7395236392834335
1.0
2.501279247854018
-3.807794388972254
1.0
-0.3015907747724855
0.5663418726599294
3.0
0.06204908311916496
-0.16472690464495
3.0
2.7809923470034126
1.3505182403302929
3.0
-1.4203851441533701
-7.979344767700594
0.0
-0.7031893816849843
-9.647161574097973
0.0
-1.396991715597875
-8.258040091335376
0.0
3.2214705249014326
-1.9754545557604652
2.0
7.138976804251525
-4.54282933870034
1.0
-1.7360350161682003
3.075218508536964
3.0
4.492694096654934
-6.273349672029099
1.0
-2.2491991056864884
-4.218186653733339
2.0
3.2046798272836683
1.5895637843983152
3.0
3.6027179952382666
-5.838010115248876
1.0
2.753500197502571
-3.7689056568513717
1.0
-3.221022932586708
-7.28522221117295
0.0
2.3261300970436003
-2.920774486621906
2.0
-3.9512155343060917
-8.730032996628246
0.0
-0.23262077499262468
-1.4616123247336974
2.0
-3.523986813635581
-10.216488433302207
0.0
-2.198267563343263
0.22172466508515454
3.0
1.2626830488871001
-9.521268978957261
0.0
-1.4412457772837053
-5.983591622628328
2.0
4.073602692159483
-1.0555695763587623
1.0
2.533642070964083
-0.424241937781316
3.0
6.313727781469977
-2.6902080657588634
1.0
0.6267801193147888
2.3485525650064307
3.0
0.4238875169923342
-4.178388307344296
2.0
-0.28561438413136364
-3.3144846709547147
2.0
0.946189246781592
5.172193867401221
3.0
-0.9367952423910402
3.903277472659573
3.0
5.959933362063655
0.3970375682145777
1.0
-5.666545515224901
-3.375077764042706
2.0
-3.6560320646584508
-5.224380250490185
0.0
1.6798722930529983
3.1749003896422345
3.0
0.2683890342415876
4.857825123156406
3.0
4.5990489949212865
3.5416398615994353
3.0
-1.3299667228295442
-3.716022105971078
2.0
6.110217068956964
5.3893860390975785
3.0
1.0414714490904915
-9.32727353472882
0.0
-0.9600834818646733
-2.960070937036062
2.0
-0.7236428393417953
2.538556823441211
3.0
1.2189590982525425
-4.008885580900095
0.0
-1.7180431252471737
2.186058942031035
3.0
-0.9972886172916773
-7.443653846879128
0.0
-1.4480495211541902
-2.230078987348217
2.0
0.800127115931387
-4.5058677050490505
2.0
6.504817104742662
-4.124781455755641
1.0
1.6565852653946356
5.300121172279603
3.0
4.230714002834696
-4.114540290047859
1.0
6.194769232465406
-3.075763252279371
1.0
7.910067331774249
-6.093075837454974
1.0
6.420678610261144
-2.6181632958717316
1.0
-2.6807977318106646
-5.231630875661278
2.0
0.32574088179851657
-8.603534009290808
0.0
5.372660892650693
-5.415044710669118
1.0
0.6280460014279923
-7.2670916736834
0.0
-0.012415985421789344
3.5428985843767085
3.0
-0.14416950750283297
-0.18241071311887058
3.0
7.011999065551915
-2.2237474800979466
1.0
-0.35206581444399365
-5.352288486925387
2.0
-0.6795664916665314
5.644870830581498
3.0
6.575785125622251
-1.8787679993910489
1.0
4.193344727954707
-3.248795825949332
1.0
3.2044705354595493
-4.03087323080117
2.0
-2.078051026907436
1.4548182562755332
3.0
-2.1940471248207882
-6.249413075623717
0.0
-0.2269103555108991
4.819691191913542
3.0
-0.6503650639637513
-3.2673916457505623
2.0
-1.936154354793314
-7.755907824984271
2.0
-0.8797626800670739
-4.708225963229151
2.0
0.29222225259131607
3.3410774569740678
3.0
3.5087041929866576
-5.378198354382802
1.0
-3.2872123555363064
-14.470440834329924
0.0
3.3996557827018568
-0.6862794333709088
1.0
-4.34902888984566
-4.827116625448851
2.0
-3.380008298185407
-7.0180067165758615
0.0
-0.04127760133384073
-0.3363393008239317
3.0
0.4662657215284387
-8.442434842555246
0.0
2.060676780738903
2.740628189202495
3.0
1.4860113823892438
4.089935949912226
3.0
-1.5759793749753666
1.52054374327304
3.0
0.9561181339102045
-1.1393991548530988
2.0
-2.0199185271738562
-1.9595442054701848
2.0
4.078884858640812
-0.2783876183626064
1.0
1.9628161179467334
-11.015404066603383
0.0
-0.05976332457358757
-0.3796225319629234
3.0
7.9206022383623305
-0.7511389042709018
1.0
-4.3520165661066486
-0.5284593576617604
2.0
-3.6954319241224995
5.921083312346205
3.0
-0.6720991528992135
-9.060348859504657
0.0
6.309024919535048
-8.405535510547626
1.0
-2.97117401568351
-7.300161209690103
0.0
-4.520328446097075
-8.47433485641585
0.0
4.0188783876290115
4.751176186747861
3.0
-0.15844825801994877
-5.531426864583954
2.0
0.9628531923859822
-9.207668815229669
0.0
-2.452988451189081
-2.533373850810831
2.0
5.135096265436907
-4.09097583920193
1.0
-0.018758661037688196
-6.067054786661866
2.0
-3.4083050843296294
3.307725449598056
3.0
-3.018790312463592
-7.356922796709583
2.0
1.516626832194678
-2.732027034775857
1.0
7.4221504949089105
-1.1569947325097472
1.0
-2.537300993842736
2.8405423090759045
3.0
-0.6100277217008707
-2.2810239717950846
2.0
-1.5000470436270528
-4.314009728222611
2.0
-1.1278933581358965
-8.364783167220008
0.0
4.890078487102801
-5.498218333646729
1.0
-3.8996070208794373
2.8598806889917125
3.0
8.07009393532
-1.8662560935476007
1.0
-4.604739253109772
-6.1498616244097
0.0
-0.21814748642431736
-9.354760810775678
0.0
-0.08196619643761738
-1.6119657202741733
2.0
2.3089450512943634
2.1777481259729092
3.0
-0.21454261823102505
3.4408362028753956
3.0
-0.19387529593692254
1.5144370884240277
3.0
7.398873611037962
-1.8885612681820931
1.0
1.887399289156365
5.861221685434673
3.0
4.119463721360301
1.131574466429029
3.0
-2.7933256128417208
-3.4225088716393883
2.0
-0.9190674247548588
-5.45176350388425
2.0
3.794288806557535
7.481815206123323
3.0
0.746292850886912
0.8639622761976873
3.0
-1.1383305976971492
-4.590349264653816
2.0
-6.321634285849295
-5.3296082484375376
2.0
-1.9914371005792249
3.1349745587030613
3.0
8.325360297509334
-4.798779973834553
1.0
-2.7007441139994097
-11.586472869104892
0.0
7.29041290305831
-3.4946009278839583
1.0
-0.4896955974432067
4.177048571190161
3.0
1.5595279631395718
-1.8438421838533077
2.0
-3.6086897627909442
2.0640349540667207
3.0
-3.040333668161924
-5.232454948681626
2.0
0.8976787711499108
-3.8406007436225558
2.0
4.564078324204896
-4.985892914706597
1.0
-5.257902689485718
-9.33341669314063
0.0
2.920128209630861
4.537087142235223
3.0
5.444628975155137
-8.657392286976899
1.0
5.959179421312401
-4.628899632186904
1.0
0.08236138931424275
-2.06610764285183
1.0
5.7376003112878164
-3.3415898086384637
1.0
0.7117686118534157
-4.505666040139886
2.0
-1.4038844023218082
-2.1577311994431185
2.0
-0.9713306713610872
-0.6408971443141049
3.0
6.300383008972465
-5.053633335356762
1.0
5.779085782726834
-3.0125247036807146
1.0
2.369935213975517
4.413456990928859
3.0
-1.0934614209380065
-1.5419819949844258
2.0
-0.08314366105685089
-5.061339252644242
2.0
1.1693976899639926
-3.8966097652398415
1.0
-1.3263228092570847
3.3964647526826144
3.0
5.20904460669485
-4.834871544902654
1.0
-3.2949823658877713
0.6998577520547591
3.0
-1.4303068406619217
-8.96895328182433
0.0
0.6966330691765701
0.04637660792486509
2.0
-0.7662494552488021
-6.536532146537844
2.0
1.139060316509877
2.729666553332856
3.0
-0.893316884551586
3.446389673273013
3.0
-1.4727334783032646
-2.6728770264708572
2.0
0.8851442697094183
0.07344241413118668
2.0
-0.4766996735891199
-4.436998890215136
2.0
0.1744457547697158
2.040378597767691
3.0
5.548220474938601
-8.861367190356138
1.0
8.139824704437071
-4.901015404587206
1.0
6.744507739278892
-5.079688861601412
1.0
-0.18938459524533002
0.21375299583030705
3.0
-2.815461015029638
-1.4408404821212253
2.0
-0.700065809639685
-11.329854726812698
0.0
-0.15509908977331666
5.422544272159779
3.0
-2.201673753724329
-7.500123974485595
0.0
-1.3350398732597064
-2.974180716182456
2.0
4.077072863432859
-6.092814911140833
1.0
-2.7062135164617667
-7.743037495738233
0.0
4.539683368411584
-3.309408096140858
1.0
0.9205732098023227
-3.386315784989531
2.0
5.034707789306573
-7.836191731803559
1.0
9.766326833614077
-6.461780364154366
1.0
2.5057894093122846
0.4063147902454314
3.0
-6.866280317927594
-9.1318849267208
0.0
6.031549342569861
-3.0145705511125787
1.0
0.8210687343032266
-7.499898862261657
0.0
9.893822512148123
-2.971869155612837
1.0
6.3023669415595505
-6.1679379456238355
1.0
5.9801347941579825
-2.848131970479214
1.0
-1.6313341013395624
-6.137680880812539
2.0
1.3934693046133069
4.1754003318787225
3.0
-1.7381132377027069
-8.376772365078857
0.0
-0.875236995066875
4.7870337505284155
3.0
7.781824140545773
-1.6992246463343825
1.0
2.4071075761584666
-5.640036300146375
1.0
2.9991559069007727
1.9497269247655697
3.0
-2.742637906955578
1.216091499723852
3.0
-4.0226698794972515
-3.9015612363415793
2.0
8.219955464160082
-4.44963700074353
1.0
1.3388082348432233
-4.9182638451529135
2.0
2.886178111041279
2.029140559271781
3.0
-1.3936798050553219
3.725277787174263
3.0
2.026285305099175
1.9583848676760527
3.0
-1.0261864201057405
-3.2307126300490485
2.0
0.9183523554216606
6.592748079010203
3.0
-0.8052689157026496
-4.2570917052706925
2.0
3.6478421775824863
-1.555400905906004
2.0
7.091052174256637
-3.450035629763738
1.0
-4.0703893877180555
-8.934084760973331
0.0
7.356269104163955
-8.916257590556096
1.0
0.38226350639387996
-2.121748112677826
2.0
9.118079028666807
-4.002537884263457
1.0
7.965035711840595
-3.655284711792566
1.0
4.763792638813249
-5.782140919536445
1.0
-1.3131731882936641
-8.87773084017119
0.0